331123231
311232121
232423335
334223312
222222142
473367565
127264122
222112222
223222244
212322322
289631362
124645344
555235553
228264223
323332232
314234253
444322211
333234324
532742531
553455532
321872255
234222241
522463234
321444324
213223721
152233232
254245232
429122212
112231312
413222981
924765742
212232312
222343222
223312333
222255295
823522333
434367153
443136642
241452345
274589332
212231121
311252423
632227637
213222233
313456789
212842222
221324342
392625243
443533316
222222222
213123113
322122422
322222232
345524276
223232232
213344641
133336789
124221222
256224422
437164222
463345144
772335753
252622236
446122152
332233143
442644468
566556623
324222332
325342225
444424343
334231344
224415222
221224212
373348452
322421356
243341223
325353335
933363483
422322133
233246243
266943424
122114131
232421222
262322243
342222224
345413789
235342342
332373325
246436446
443222832
424232331
722212423
234544362
452286225
764655555
324333432
223232522
533695414
243442242
323211222
454414355
272231344
223222122
443312134
347384823
356533534
311122132
442222222
215321213
212422812
552243213
142235423
222222232
434965845
312233222
324342143
636146336
411227222
143335313
343342342
434323431
544683432
434357722
325432232
963644843
663556365
665563379
525454324
554456796
222123212
234221233
278451519
434167257
122123224
312232112
446433742
374247734
626454353
145533465
332232235
153212231
347455355
745277556
533434333
123443443
223521325
213232332
221353195
624566735
522222323
445431553
566757349
333332331
472843934
342437452
355353445
532475275
434244284
821342332
135295876
756889522
164784635
343699371
217622388
592954159
124433424
752176189
612222342
333433313
326446332
243393325
793346443
942133376
333332333
127132525
444422532
433333251
245451333
343713221
764341733
274422232
233334537
784751521
844553362
856344336
143347463
543334532
222424522
235461713
224522154
434156483
632473343
421342226
253525462
213232212
354341633
546555743
222242123
555554654
254745426
222221299
